1 2 3 4 5 0
-1 -2 0
-1 -3 0
-1 -4 0
-1 -5 0
-2 -3 0
-2 -4 0
-2 -5 0
-3 -4 0
-3 -5 0
-4 -5 0
6 7 8 9 10 11 12 13 14 15 16 17 18 19 20 21 22 23 24 25 0
-6 -7 0
-6 -8 0
-6 -9 0
-6 -10 0
-6 -11 0
-6 -12 0
-6 -13 0
-6 -14 0
-6 -15 0
-6 -16 0
-6 -17 0
-6 -18 0
-6 -19 0
-6 -20 0
-6 -21 0
-6 -22 0
-6 -23 0
-6 -24 0
-6 -25 0
-7 -8 0
-7 -9 0
-7 -10 0
-7 -11 0
-7 -12 0
-7 -13 0
-7 -14 0
-7 -15 0
-7 -16 0
-7 -17 0
-7 -18 0
-7 -19 0
-7 -20 0
-7 -21 0
-7 -22 0
-7 -23 0
-7 -24 0
-7 -25 0
-8 -9 0
-8 -10 0
-8 -11 0
-8 -12 0
-8 -13 0
-8 -14 0
-8 -15 0
-8 -16 0
-8 -17 0
-8 -18 0
-8 -19 0
-8 -20 0
-8 -21 0
-8 -22 0
-8 -23 0
-8 -24 0
-8 -25 0
-9 -10 0
-9 -11 0
-9 -12 0
-9 -13 0
-9 -14 0
-9 -15 0
-9 -16 0
-9 -17 0
-9 -18 0
-9 -19 0
-9 -20 0
-9 -21 0
-9 -22 0
-9 -23 0
-9 -24 0
-9 -25 0
-10 -11 0
-10 -12 0
-10 -13 0
-10 -14 0
-10 -15 0
-10 -16 0
-10 -17 0
-10 -18 0
-10 -19 0
-10 -20 0
-10 -21 0
-10 -22 0
-10 -23 0
-10 -24 0
-10 -25 0
-11 -12 0
-11 -13 0
-11 -14 0
-11 -15 0
-11 -16 0
-11 -17 0
-11 -18 0
-11 -19 0
-11 -20 0
-11 -21 0
-11 -22 0
-11 -23 0
-11 -24 0
-11 -25 0
-12 -13 0
-12 -14 0
-12 -15 0
-12 -16 0
-12 -17 0
-12 -18 0
-12 -19 0
-12 -20 0
-12 -21 0
-12 -22 0
-12 -23 0
-12 -24 0
-12 -25 0
-13 -14 0
-13 -15 0
-13 -16 0
-13 -17 0
-13 -18 0
-13 -19 0
-13 -20 0
-13 -21 0
-13 -22 0
-13 -23 0
-13 -24 0
-13 -25 0
-14 -15 0
-14 -16 0
-14 -17 0
-14 -18 0
-14 -19 0
-14 -20 0
-14 -21 0
-14 -22 0
-14 -23 0
-14 -24 0
-14 -25 0
-15 -16 0
-15 -17 0
-15 -18 0
-15 -19 0
-15 -20 0
-15 -21 0
-15 -22 0
-15 -23 0
-15 -24 0
-15 -25 0
-16 -17 0
-16 -18 0
-16 -19 0
-16 -20 0
-16 -21 0
-16 -22 0
-16 -23 0
-16 -24 0
-16 -25 0
-17 -18 0
-17 -19 0
-17 -20 0
-17 -21 0
-17 -22 0
-17 -23 0
-17 -24 0
-17 -25 0
-18 -19 0
-18 -20 0
-18 -21 0
-18 -22 0
-18 -23 0
-18 -24 0
-18 -25 0
-19 -20 0
-19 -21 0
-19 -22 0
-19 -23 0
-19 -24 0
-19 -25 0
-20 -21 0
-20 -22 0
-20 -23 0
-20 -24 0
-20 -25 0
-21 -22 0
-21 -23 0
-21 -24 0
-21 -25 0
-22 -23 0
-22 -24 0
-22 -25 0
-23 -24 0
-23 -25 0
-24 -25 0
6 26 27 28 29 0
-6 1 0
-6 30 0
-7 1 0
-7 31 0
-8 1 0
-8 32 0
-9 1 0
-9 33 0
-10 34 0
-10 35 0
-11 34 0
-11 31 0
-12 34 0
-12 32 0
-13 34 0
-13 33 0
-14 36 0
-14 35 0
-15 36 0
-15 30 0
-16 36 0
-16 32 0
-17 36 0
-17 33 0
-18 37 0
-18 35 0
-19 37 0
-19 30 0
-20 37 0
-20 31 0
-21 37 0
-21 33 0
-22 38 0
-22 35 0
-23 38 0
-23 30 0
-24 38 0
-24 31 0
-25 38 0
-25 32 0
-39 35 0
-39 40 0
-41 35 0
-41 42 0
-43 35 0
-43 44 0
-45 35 0
-45 46 0
-47 30 0
-47 48 0
-49 30 0
-49 42 0
-50 30 0
-50 44 0
-51 30 0
-51 46 0
-52 31 0
-52 48 0
-53 31 0
-53 40 0
-54 31 0
-54 44 0
-55 31 0
-55 46 0
-56 32 0
-56 48 0
-57 32 0
-57 40 0
-58 32 0
-58 42 0
-59 32 0
-59 46 0
-60 33 0
-60 48 0
-61 33 0
-61 40 0
-62 33 0
-62 42 0
-63 33 0
-63 44 0
-64 48 0
-64 65 0
-66 48 0
-66 67 0
-68 48 0
-68 69 0
-70 48 0
-70 71 0
-72 40 0
-72 73 0
-74 40 0
-74 67 0
-75 40 0
-75 69 0
-76 40 0
-76 71 0
-77 42 0
-77 73 0
-78 42 0
-78 65 0
-79 42 0
-79 69 0
-80 42 0
-80 71 0
-81 44 0
-81 73 0
-82 44 0
-82 65 0
-83 44 0
-83 67 0
-84 44 0
-84 71 0
-85 46 0
-85 73 0
-86 46 0
-86 65 0
-87 46 0
-87 67 0
-88 46 0
-88 69 0
-89 73 0
-89 90 0
-91 73 0
-91 92 0
-93 73 0
-93 94 0
-95 73 0
-95 96 0
-97 65 0
-97 98 0
-99 65 0
-99 92 0
-100 65 0
-100 94 0
-101 65 0
-101 96 0
-102 67 0
-102 98 0
-103 67 0
-103 90 0
-104 67 0
-104 94 0
-105 67 0
-105 96 0
-106 69 0
-106 98 0
-107 69 0
-107 90 0
-108 69 0
-108 92 0
-109 69 0
-109 96 0
-110 71 0
-110 98 0
-111 71 0
-111 90 0
-112 71 0
-112 92 0
-113 71 0
-113 94 0
-114 98 0
-114 115 0
-116 98 0
-116 117 0
-118 98 0
-118 119 0
-120 98 0
-120 121 0
-122 90 0
-122 123 0
-124 90 0
-124 117 0
-125 90 0
-125 119 0
-126 90 0
-126 121 0
-127 92 0
-127 123 0
-128 92 0
-128 115 0
-129 92 0
-129 119 0
-130 92 0
-130 121 0
-131 94 0
-131 123 0
-132 94 0
-132 115 0
-133 94 0
-133 117 0
-134 94 0
-134 121 0
-135 96 0
-135 123 0
-136 96 0
-136 115 0
-137 96 0
-137 117 0
-138 96 0
-138 119 0
-139 123 0
-139 140 0
-141 123 0
-141 142 0
-143 123 0
-143 144 0
-145 123 0
-145 146 0
-147 115 0
-147 148 0
-149 115 0
-149 142 0
-150 115 0
-150 144 0
-151 115 0
-151 146 0
-152 117 0
-152 148 0
-153 117 0
-153 140 0
-154 117 0
-154 144 0
-155 117 0
-155 146 0
-156 119 0
-156 148 0
-157 119 0
-157 140 0
-158 119 0
-158 142 0
-159 119 0
-159 146 0
-160 121 0
-160 148 0
-161 121 0
-161 140 0
-162 121 0
-162 142 0
-163 121 0
-163 144 0
-26 2 0
-26 164 0
-165 2 0
-165 166 0
-167 2 0
-167 168 0
-169 2 0
-169 170 0
-171 172 0
-171 173 0
-174 172 0
-174 166 0
-175 172 0
-175 168 0
-176 172 0
-176 170 0
-177 178 0
-177 173 0
-179 178 0
-179 164 0
-180 178 0
-180 168 0
-181 178 0
-181 170 0
-182 183 0
-182 173 0
-184 183 0
-184 164 0
-185 183 0
-185 166 0
-186 183 0
-186 170 0
-187 188 0
-187 173 0
-189 188 0
-189 164 0
-190 188 0
-190 166 0
-191 188 0
-191 168 0
-192 173 0
-192 193 0
-194 173 0
-194 195 0
-196 173 0
-196 197 0
-198 173 0
-198 199 0
-200 164 0
-200 201 0
-202 164 0
-202 195 0
-203 164 0
-203 197 0
-204 164 0
-204 199 0
-205 166 0
-205 201 0
-206 166 0
-206 193 0
-207 166 0
-207 197 0
-208 166 0
-208 199 0
-209 168 0
-209 201 0
-210 168 0
-210 193 0
-211 168 0
-211 195 0
-212 168 0
-212 199 0
-213 170 0
-213 201 0
-214 170 0
-214 193 0
-215 170 0
-215 195 0
-216 170 0
-216 197 0
-217 201 0
-217 218 0
-219 201 0
-219 220 0
-221 201 0
-221 222 0
-223 201 0
-223 224 0
-225 193 0
-225 226 0
-227 193 0
-227 220 0
-228 193 0
-228 222 0
-229 193 0
-229 224 0
-230 195 0
-230 226 0
-231 195 0
-231 218 0
-232 195 0
-232 222 0
-233 195 0
-233 224 0
-234 197 0
-234 226 0
-235 197 0
-235 218 0
-236 197 0
-236 220 0
-237 197 0
-237 224 0
-238 199 0
-238 226 0
-239 199 0
-239 218 0
-240 199 0
-240 220 0
-241 199 0
-241 222 0
-242 226 0
-242 243 0
-244 226 0
-244 245 0
-246 226 0
-246 247 0
-248 226 0
-248 249 0
-250 218 0
-250 251 0
-252 218 0
-252 245 0
-253 218 0
-253 247 0
-254 218 0
-254 249 0
-255 220 0
-255 251 0
-256 220 0
-256 243 0
-257 220 0
-257 247 0
-258 220 0
-258 249 0
-259 222 0
-259 251 0
-260 222 0
-260 243 0
-261 222 0
-261 245 0
-262 222 0
-262 249 0
-263 224 0
-263 251 0
-264 224 0
-264 243 0
-265 224 0
-265 245 0
-266 224 0
-266 247 0
-267 251 0
-267 268 0
-269 251 0
-269 270 0
-271 251 0
-271 272 0
-273 251 0
-273 274 0
-275 243 0
-275 276 0
-277 243 0
-277 270 0
-278 243 0
-278 272 0
-279 243 0
-279 274 0
-280 245 0
-280 276 0
-281 245 0
-281 268 0
-282 245 0
-282 272 0
-283 245 0
-283 274 0
-284 247 0
-284 276 0
-285 247 0
-285 268 0
-286 247 0
-286 270 0
-287 247 0
-287 274 0
-288 249 0
-288 276 0
-289 249 0
-289 268 0
-290 249 0
-290 270 0
-291 249 0
-291 272 0
-292 276 0
-292 293 0
-294 276 0
-294 295 0
-296 276 0
-296 297 0
-298 276 0
-298 299 0
-300 268 0
-300 301 0
-302 268 0
-302 295 0
-303 268 0
-303 297 0
-304 268 0
-304 299 0
-305 270 0
-305 301 0
-306 270 0
-306 293 0
-307 270 0
-307 297 0
-308 270 0
-308 299 0
-309 272 0
-309 301 0
-310 272 0
-310 293 0
-311 272 0
-311 295 0
-312 272 0
-312 299 0
-313 274 0
-313 301 0
-314 274 0
-314 293 0
-315 274 0
-315 295 0
-316 274 0
-316 297 0
-27 3 0
-27 317 0
-318 3 0
-318 319 0
-320 3 0
-320 321 0
-322 3 0
-322 323 0
-324 325 0
-324 326 0
-327 325 0
-327 319 0
-328 325 0
-328 321 0
-329 325 0
-329 323 0
-330 331 0
-330 326 0
-332 331 0
-332 317 0
-333 331 0
-333 321 0
-334 331 0
-334 323 0
-335 336 0
-335 326 0
-337 336 0
-337 317 0
-338 336 0
-338 319 0
-339 336 0
-339 323 0
-340 341 0
-340 326 0
-342 341 0
-342 317 0
-343 341 0
-343 319 0
-344 341 0
-344 321 0
-345 326 0
-345 346 0
-347 326 0
-347 348 0
-349 326 0
-349 350 0
-351 326 0
-351 352 0
-353 317 0
-353 354 0
-355 317 0
-355 348 0
-356 317 0
-356 350 0
-357 317 0
-357 352 0
-358 319 0
-358 354 0
-359 319 0
-359 346 0
-360 319 0
-360 350 0
-361 319 0
-361 352 0
-362 321 0
-362 354 0
-363 321 0
-363 346 0
-364 321 0
-364 348 0
-365 321 0
-365 352 0
-366 323 0
-366 354 0
-367 323 0
-367 346 0
-368 323 0
-368 348 0
-369 323 0
-369 350 0
-370 354 0
-370 371 0
-372 354 0
-372 373 0
-374 354 0
-374 375 0
-376 354 0
-376 377 0
-378 346 0
-378 379 0
-380 346 0
-380 373 0
-381 346 0
-381 375 0
-382 346 0
-382 377 0
-383 348 0
-383 379 0
-384 348 0
-384 371 0
-385 348 0
-385 375 0
-386 348 0
-386 377 0
-387 350 0
-387 379 0
-388 350 0
-388 371 0
-389 350 0
-389 373 0
-390 350 0
-390 377 0
-391 352 0
-391 379 0
-392 352 0
-392 371 0
-393 352 0
-393 373 0
-394 352 0
-394 375 0
-395 379 0
-395 396 0
-397 379 0
-397 398 0
-399 379 0
-399 400 0
-401 379 0
-401 402 0
-403 371 0
-403 404 0
-405 371 0
-405 398 0
-406 371 0
-406 400 0
-407 371 0
-407 402 0
-408 373 0
-408 404 0
-409 373 0
-409 396 0
-410 373 0
-410 400 0
-411 373 0
-411 402 0
-412 375 0
-412 404 0
-413 375 0
-413 396 0
-414 375 0
-414 398 0
-415 375 0
-415 402 0
-416 377 0
-416 404 0
-417 377 0
-417 396 0
-418 377 0
-418 398 0
-419 377 0
-419 400 0
-420 404 0
-420 421 0
-422 404 0
-422 423 0
-424 404 0
-424 425 0
-426 404 0
-426 427 0
-428 396 0
-428 429 0
-430 396 0
-430 423 0
-431 396 0
-431 425 0
-432 396 0
-432 427 0
-433 398 0
-433 429 0
-434 398 0
-434 421 0
-435 398 0
-435 425 0
-436 398 0
-436 427 0
-437 400 0
-437 429 0
-438 400 0
-438 421 0
-439 400 0
-439 423 0
-440 400 0
-440 427 0
-441 402 0
-441 429 0
-442 402 0
-442 421 0
-443 402 0
-443 423 0
-444 402 0
-444 425 0
-445 429 0
-445 446 0
-447 429 0
-447 448 0
-449 429 0
-449 450 0
-451 429 0
-451 452 0
-453 421 0
-453 454 0
-455 421 0
-455 448 0
-456 421 0
-456 450 0
-457 421 0
-457 452 0
-458 423 0
-458 454 0
-459 423 0
-459 446 0
-460 423 0
-460 450 0
-461 423 0
-461 452 0
-462 425 0
-462 454 0
-463 425 0
-463 446 0
-464 425 0
-464 448 0
-465 425 0
-465 452 0
-466 427 0
-466 454 0
-467 427 0
-467 446 0
-468 427 0
-468 448 0
-469 427 0
-469 450 0
-28 4 0
-28 470 0
-471 4 0
-471 472 0
-473 4 0
-473 474 0
-475 4 0
-475 476 0
-477 478 0
-477 479 0
-480 478 0
-480 472 0
-481 478 0
-481 474 0
-482 478 0
-482 476 0
-483 484 0
-483 479 0
-485 484 0
-485 470 0
-486 484 0
-486 474 0
-487 484 0
-487 476 0
-488 489 0
-488 479 0
-490 489 0
-490 470 0
-491 489 0
-491 472 0
-492 489 0
-492 476 0
-493 494 0
-493 479 0
-495 494 0
-495 470 0
-496 494 0
-496 472 0
-497 494 0
-497 474 0
-498 479 0
-498 499 0
-500 479 0
-500 501 0
-502 479 0
-502 503 0
-504 479 0
-504 505 0
-506 470 0
-506 507 0
-508 470 0
-508 501 0
-509 470 0
-509 503 0
-510 470 0
-510 505 0
-511 472 0
-511 507 0
-512 472 0
-512 499 0
-513 472 0
-513 503 0
-514 472 0
-514 505 0
-515 474 0
-515 507 0
-516 474 0
-516 499 0
-517 474 0
-517 501 0
-518 474 0
-518 505 0
-519 476 0
-519 507 0
-520 476 0
-520 499 0
-521 476 0
-521 501 0
-522 476 0
-522 503 0
-523 507 0
-523 524 0
-525 507 0
-525 526 0
-527 507 0
-527 528 0
-529 507 0
-529 530 0
-531 499 0
-531 532 0
-533 499 0
-533 526 0
-534 499 0
-534 528 0
-535 499 0
-535 530 0
-536 501 0
-536 532 0
-537 501 0
-537 524 0
-538 501 0
-538 528 0
-539 501 0
-539 530 0
-540 503 0
-540 532 0
-541 503 0
-541 524 0
-542 503 0
-542 526 0
-543 503 0
-543 530 0
-544 505 0
-544 532 0
-545 505 0
-545 524 0
-546 505 0
-546 526 0
-547 505 0
-547 528 0
-548 532 0
-548 549 0
-550 532 0
-550 551 0
-552 532 0
-552 553 0
-554 532 0
-554 555 0
-556 524 0
-556 557 0
-558 524 0
-558 551 0
-559 524 0
-559 553 0
-560 524 0
-560 555 0
-561 526 0
-561 557 0
-562 526 0
-562 549 0
-563 526 0
-563 553 0
-564 526 0
-564 555 0
-565 528 0
-565 557 0
-566 528 0
-566 549 0
-567 528 0
-567 551 0
-568 528 0
-568 555 0
-569 530 0
-569 557 0
-570 530 0
-570 549 0
-571 530 0
-571 551 0
-572 530 0
-572 553 0
-573 557 0
-573 574 0
-575 557 0
-575 576 0
-577 557 0
-577 578 0
-579 557 0
-579 580 0
-581 549 0
-581 582 0
-583 549 0
-583 576 0
-584 549 0
-584 578 0
-585 549 0
-585 580 0
-586 551 0
-586 582 0
-587 551 0
-587 574 0
-588 551 0
-588 578 0
-589 551 0
-589 580 0
-590 553 0
-590 582 0
-591 553 0
-591 574 0
-592 553 0
-592 576 0
-593 553 0
-593 580 0
-594 555 0
-594 582 0
-595 555 0
-595 574 0
-596 555 0
-596 576 0
-597 555 0
-597 578 0
-598 582 0
-598 599 0
-600 582 0
-600 601 0
-602 582 0
-602 603 0
-604 582 0
-604 605 0
-606 574 0
-606 607 0
-608 574 0
-608 601 0
-609 574 0
-609 603 0
-610 574 0
-610 605 0
-611 576 0
-611 607 0
-612 576 0
-612 599 0
-613 576 0
-613 603 0
-614 576 0
-614 605 0
-615 578 0
-615 607 0
-616 578 0
-616 599 0
-617 578 0
-617 601 0
-618 578 0
-618 605 0
-619 580 0
-619 607 0
-620 580 0
-620 599 0
-621 580 0
-621 601 0
-622 580 0
-622 603 0
-29 5 0
-29 623 0
-624 5 0
-624 625 0
-626 5 0
-626 627 0
-628 5 0
-628 629 0
-630 631 0
-630 632 0
-633 631 0
-633 625 0
-634 631 0
-634 627 0
-635 631 0
-635 629 0
-636 637 0
-636 632 0
-638 637 0
-638 623 0
-639 637 0
-639 627 0
-640 637 0
-640 629 0
-641 642 0
-641 632 0
-643 642 0
-643 623 0
-644 642 0
-644 625 0
-645 642 0
-645 629 0
-646 647 0
-646 632 0
-648 647 0
-648 623 0
-649 647 0
-649 625 0
-650 647 0
-650 627 0
-651 632 0
-651 652 0
-653 632 0
-653 654 0
-655 632 0
-655 656 0
-657 632 0
-657 658 0
-659 623 0
-659 660 0
-661 623 0
-661 654 0
-662 623 0
-662 656 0
-663 623 0
-663 658 0
-664 625 0
-664 660 0
-665 625 0
-665 652 0
-666 625 0
-666 656 0
-667 625 0
-667 658 0
-668 627 0
-668 660 0
-669 627 0
-669 652 0
-670 627 0
-670 654 0
-671 627 0
-671 658 0
-672 629 0
-672 660 0
-673 629 0
-673 652 0
-674 629 0
-674 654 0
-675 629 0
-675 656 0
-676 660 0
-676 677 0
-678 660 0
-678 679 0
-680 660 0
-680 681 0
-682 660 0
-682 683 0
-684 652 0
-684 685 0
-686 652 0
-686 679 0
-687 652 0
-687 681 0
-688 652 0
-688 683 0
-689 654 0
-689 685 0
-690 654 0
-690 677 0
-691 654 0
-691 681 0
-692 654 0
-692 683 0
-693 656 0
-693 685 0
-694 656 0
-694 677 0
-695 656 0
-695 679 0
-696 656 0
-696 683 0
-697 658 0
-697 685 0
-698 658 0
-698 677 0
-699 658 0
-699 679 0
-700 658 0
-700 681 0
-701 685 0
-701 702 0
-703 685 0
-703 704 0
-705 685 0
-705 706 0
-707 685 0
-707 708 0
-709 677 0
-709 710 0
-711 677 0
-711 704 0
-712 677 0
-712 706 0
-713 677 0
-713 708 0
-714 679 0
-714 710 0
-715 679 0
-715 702 0
-716 679 0
-716 706 0
-717 679 0
-717 708 0
-718 681 0
-718 710 0
-719 681 0
-719 702 0
-720 681 0
-720 704 0
-721 681 0
-721 708 0
-722 683 0
-722 710 0
-723 683 0
-723 702 0
-724 683 0
-724 704 0
-725 683 0
-725 706 0
-726 710 0
-726 727 0
-728 710 0
-728 729 0
-730 710 0
-730 731 0
-732 710 0
-732 733 0
-734 702 0
-734 735 0
-736 702 0
-736 729 0
-737 702 0
-737 731 0
-738 702 0
-738 733 0
-739 704 0
-739 735 0
-740 704 0
-740 727 0
-741 704 0
-741 731 0
-742 704 0
-742 733 0
-743 706 0
-743 735 0
-744 706 0
-744 727 0
-745 706 0
-745 729 0
-746 706 0
-746 733 0
-747 708 0
-747 735 0
-748 708 0
-748 727 0
-749 708 0
-749 729 0
-750 708 0
-750 731 0
-751 735 0
-751 752 0
-753 735 0
-753 754 0
-755 735 0
-755 756 0
-757 735 0
-757 758 0
-759 727 0
-759 760 0
-761 727 0
-761 754 0
-762 727 0
-762 756 0
-763 727 0
-763 758 0
-764 729 0
-764 760 0
-765 729 0
-765 752 0
-766 729 0
-766 756 0
-767 729 0
-767 758 0
-768 731 0
-768 760 0
-769 731 0
-769 752 0
-770 731 0
-770 754 0
-771 731 0
-771 758 0
-772 733 0
-772 760 0
-773 733 0
-773 752 0
-774 733 0
-774 754 0
-775 733 0
-775 756 0
